 h = 1.57*1e-3; x = 3.2825; c = 3*1e8; n = 2;
e_re = 3.7053; f = 1.575*1e9;
a = x *c / (2*pi*f*(e_re)^0.5);
b =  a - 10*1e-3;
a_e = a - 3*h /4
b_e = b + 3*h/4

