W = 10*1e-3; h = 1.57*1e-3; 

